00 01 02 03 04 05 06 07 08 09 0a 0b 0c 0d 0e 10 11 12 13 14 15 16 17 18 19 1a 1b 1c 1d 1e 20 21 22 23 24 25 26 27 28 29 2a 2b 2c 2d 2e 30 31 32 33 34 35 36 37 38 39 3a 3b 3c 3d 3e O P Q R S T U V W X Y Z
O 00 01 02 03 04
O 01 02 03 04 05
O 02 03 04 05 06
O 03 04 05 06 07
O 04 05 06 07 08
O 05 06 07 08 09
O 06 07 08 09 0a
O 07 08 09 0a 0b
O 08 09 0a 0b 0c
O 09 0a 0b 0c 0d
O 0a 0b 0c 0d 0e
O 10 11 12 13 14
O 11 12 13 14 15
O 12 13 14 15 16
O 13 14 15 16 17
O 14 15 16 17 18
O 15 16 17 18 19
O 16 17 18 19 1a
O 17 18 19 1a 1b
O 18 19 1a 1b 1c
O 19 1a 1b 1c 1d
O 1a 1b 1c 1d 1e
O 20 21 22 23 24
O 21 22 23 24 25
O 22 23 24 25 26
O 23 24 25 26 27
O 24 25 26 27 28
O 25 26 27 28 29
O 26 27 28 29 2a
O 27 28 29 2a 2b
O 28 29 2a 2b 2c
O 29 2a 2b 2c 2d
O 2a 2b 2c 2d 2e
O 30 31 32 33 34
O 31 32 33 34 35
O 32 33 34 35 36
O 33 34 35 36 37
O 34 35 36 37 38
O 35 36 37 38 39
O 36 37 38 39 3a
O 37 38 39 3a 3b
O 38 39 3a 3b 3c
O 39 3a 3b 3c 3d
O 3a 3b 3c 3d 3e
P 00 01 10 11 20
P 01 02 11 12 21
P 02 03 12 13 22
P 03 04 13 14 23
P 04 05 14 15 24
P 05 06 15 16 25
P 06 07 16 17 26
P 07 08 17 18 27
P 08 09 18 19 28
P 09 0a 19 1a 29
P 0a 0b 1a 1b 2a
P 0b 0c 1b 1c 2b
P 0c 0d 1c 1d 2c
P 0d 0e 1d 1e 2d
P 10 11 20 21 30
P 11 12 21 22 31
P 12 13 22 23 32
P 13 14 23 24 33
P 14 15 24 25 34
P 15 16 25 26 35
P 16 17 26 27 36
P 17 18 27 28 37
P 18 19 28 29 38
P 19 1a 29 2a 39
P 1a 1b 2a 2b 3a
P 1b 1c 2b 2c 3b
P 1c 1d 2c 2d 3c
P 1d 1e 2d 2e 3d
P 10 00 11 01 12
P 11 01 12 02 13
P 12 02 13 03 14
P 13 03 14 04 15
P 14 04 15 05 16
P 15 05 16 06 17
P 16 06 17 07 18
P 17 07 18 08 19
P 18 08 19 09 1a
P 19 09 1a 0a 1b
P 1a 0a 1b 0b 1c
P 1b 0b 1c 0c 1d
P 1c 0c 1d 0d 1e
P 20 10 21 11 22
P 21 11 22 12 23
P 22 12 23 13 24
P 23 13 24 14 25
P 24 14 25 15 26
P 25 15 26 16 27
P 26 16 27 17 28
P 27 17 28 18 29
P 28 18 29 19 2a
P 29 19 2a 1a 2b
P 2a 1a 2b 1b 2c
P 2b 1b 2c 1c 2d
P 2c 1c 2d 1d 2e
P 30 20 31 21 32
P 31 21 32 22 33
P 32 22 33 23 34
P 33 23 34 24 35
P 34 24 35 25 36
P 35 25 36 26 37
P 36 26 37 27 38
P 37 27 38 28 39
P 38 28 39 29 3a
P 39 29 3a 2a 3b
P 3a 2a 3b 2b 3c
P 3b 2b 3c 2c 3d
P 3c 2c 3d 2d 3e
P 21 20 11 10 01
P 22 21 12 11 02
P 23 22 13 12 03
P 24 23 14 13 04
P 25 24 15 14 05
P 26 25 16 15 06
P 27 26 17 16 07
P 28 27 18 17 08
P 29 28 19 18 09
P 2a 29 1a 19 0a
P 2b 2a 1b 1a 0b
P 2c 2b 1c 1b 0c
P 2d 2c 1d 1c 0d
P 2e 2d 1e 1d 0e
P 31 30 21 20 11
P 32 31 22 21 12
P 33 32 23 22 13
P 34 33 24 23 14
P 35 34 25 24 15
P 36 35 26 25 16
P 37 36 27 26 17
P 38 37 28 27 18
P 39 38 29 28 19
P 3a 39 2a 29 1a
P 3b 3a 2b 2a 1b
P 3c 3b 2c 2b 1c
P 3d 3c 2d 2c 1d
P 3e 3d 2e 2d 1e
P 02 12 01 11 00
P 03 13 02 12 01
P 04 14 03 13 02
P 05 15 04 14 03
P 06 16 05 15 04
P 07 17 06 16 05
P 08 18 07 17 06
P 09 19 08 18 07
P 0a 1a 09 19 08
P 0b 1b 0a 1a 09
P 0c 1c 0b 1b 0a
P 0d 1d 0c 1c 0b
P 0e 1e 0d 1d 0c
P 12 22 11 21 10
P 13 23 12 22 11
P 14 24 13 23 12
P 15 25 14 24 13
P 16 26 15 25 14
P 17 27 16 26 15
P 18 28 17 27 16
P 19 29 18 28 17
P 1a 2a 19 29 18
P 1b 2b 1a 2a 19
P 1c 2c 1b 2b 1a
P 1d 2d 1c 2c 1b
P 1e 2e 1d 2d 1c
P 22 32 21 31 20
P 23 33 22 32 21
P 24 34 23 33 22
P 25 35 24 34 23
P 26 36 25 35 24
P 27 37 26 36 25
P 28 38 27 37 26
P 29 39 28 38 27
P 2a 3a 29 39 28
P 2b 3b 2a 3a 29
P 2c 3c 2b 3b 2a
P 2d 3d 2c 3c 2b
P 2e 3e 2d 3d 2c
P 00 10 01 11 02
P 01 11 02 12 03
P 02 12 03 13 04
P 03 13 04 14 05
P 04 14 05 15 06
P 05 15 06 16 07
P 06 16 07 17 08
P 07 17 08 18 09
P 08 18 09 19 0a
P 09 19 0a 1a 0b
P 0a 1a 0b 1b 0c
P 0b 1b 0c 1c 0d
P 0c 1c 0d 1d 0e
P 10 20 11 21 12
P 11 21 12 22 13
P 12 22 13 23 14
P 13 23 14 24 15
P 14 24 15 25 16
P 15 25 16 26 17
P 16 26 17 27 18
P 17 27 18 28 19
P 18 28 19 29 1a
P 19 29 1a 2a 1b
P 1a 2a 1b 2b 1c
P 1b 2b 1c 2c 1d
P 1c 2c 1d 2d 1e
P 20 30 21 31 22
P 21 31 22 32 23
P 22 32 23 33 24
P 23 33 24 34 25
P 24 34 25 35 26
P 25 35 26 36 27
P 26 36 27 37 28
P 27 37 28 38 29
P 28 38 29 39 2a
P 29 39 2a 3a 2b
P 2a 3a 2b 3b 2c
P 2b 3b 2c 3c 2d
P 2c 3c 2d 3d 2e
P 20 21 10 11 00
P 21 22 11 12 01
P 22 23 12 13 02
P 23 24 13 14 03
P 24 25 14 15 04
P 25 26 15 16 05
P 26 27 16 17 06
P 27 28 17 18 07
P 28 29 18 19 08
P 29 2a 19 1a 09
P 2a 2b 1a 1b 0a
P 2b 2c 1b 1c 0b
P 2c 2d 1c 1d 0c
P 2d 2e 1d 1e 0d
P 30 31 20 21 10
P 31 32 21 22 11
P 32 33 22 23 12
P 33 34 23 24 13
P 34 35 24 25 14
P 35 36 25 26 15
P 36 37 26 27 16
P 37 38 27 28 17
P 38 39 28 29 18
P 39 3a 29 2a 19
P 3a 3b 2a 2b 1a
P 3b 3c 2b 2c 1b
P 3c 3d 2c 2d 1c
P 3d 3e 2d 2e 1d
P 12 02 11 01 10
P 13 03 12 02 11
P 14 04 13 03 12
P 15 05 14 04 13
P 16 06 15 05 14
P 17 07 16 06 15
P 18 08 17 07 16
P 19 09 18 08 17
P 1a 0a 19 09 18
P 1b 0b 1a 0a 19
P 1c 0c 1b 0b 1a
P 1d 0d 1c 0c 1b
P 1e 0e 1d 0d 1c
P 22 12 21 11 20
P 23 13 22 12 21
P 24 14 23 13 22
P 25 15 24 14 23
P 26 16 25 15 24
P 27 17 26 16 25
P 28 18 27 17 26
P 29 19 28 18 27
P 2a 1a 29 19 28
P 2b 1b 2a 1a 29
P 2c 1c 2b 1b 2a
P 2d 1d 2c 1c 2b
P 2e 1e 2d 1d 2c
P 32 22 31 21 30
P 33 23 32 22 31
P 34 24 33 23 32
P 35 25 34 24 33
P 36 26 35 25 34
P 37 27 36 26 35
P 38 28 37 27 36
P 39 29 38 28 37
P 3a 2a 39 29 38
P 3b 2b 3a 2a 39
P 3c 2c 3b 2b 3a
P 3d 2d 3c 2c 3b
P 3e 2e 3d 2d 3c
P 01 00 11 10 21
P 02 01 12 11 22
P 03 02 13 12 23
P 04 03 14 13 24
P 05 04 15 14 25
P 06 05 16 15 26
P 07 06 17 16 27
P 08 07 18 17 28
P 09 08 19 18 29
P 0a 09 1a 19 2a
P 0b 0a 1b 1a 2b
P 0c 0b 1c 1b 2c
P 0d 0c 1d 1c 2d
P 0e 0d 1e 1d 2e
P 11 10 21 20 31
P 12 11 22 21 32
P 13 12 23 22 33
P 14 13 24 23 34
P 15 14 25 24 35
P 16 15 26 25 36
P 17 16 27 26 37
P 18 17 28 27 38
P 19 18 29 28 39
P 1a 19 2a 29 3a
P 1b 1a 2b 2a 3b
P 1c 1b 2c 2b 3c
P 1d 1c 2d 2c 3d
P 1e 1d 2e 2d 3e
Q 00 01 02 03 13
Q 01 02 03 04 14
Q 02 03 04 05 15
Q 03 04 05 06 16
Q 04 05 06 07 17
Q 05 06 07 08 18
Q 06 07 08 09 19
Q 07 08 09 0a 1a
Q 08 09 0a 0b 1b
Q 09 0a 0b 0c 1c
Q 0a 0b 0c 0d 1d
Q 0b 0c 0d 0e 1e
Q 10 11 12 13 23
Q 11 12 13 14 24
Q 12 13 14 15 25
Q 13 14 15 16 26
Q 14 15 16 17 27
Q 15 16 17 18 28
Q 16 17 18 19 29
Q 17 18 19 1a 2a
Q 18 19 1a 1b 2b
Q 19 1a 1b 1c 2c
Q 1a 1b 1c 1d 2d
Q 1b 1c 1d 1e 2e
Q 20 21 22 23 33
Q 21 22 23 24 34
Q 22 23 24 25 35
Q 23 24 25 26 36
Q 24 25 26 27 37
Q 25 26 27 28 38
Q 26 27 28 29 39
Q 27 28 29 2a 3a
Q 28 29 2a 2b 3b
Q 29 2a 2b 2c 3c
Q 2a 2b 2c 2d 3d
Q 2b 2c 2d 2e 3e
Q 30 20 10 00 01
Q 31 21 11 01 02
Q 32 22 12 02 03
Q 33 23 13 03 04
Q 34 24 14 04 05
Q 35 25 15 05 06
Q 36 26 16 06 07
Q 37 27 17 07 08
Q 38 28 18 08 09
Q 39 29 19 09 0a
Q 3a 2a 1a 0a 0b
Q 3b 2b 1b 0b 0c
Q 3c 2c 1c 0c 0d
Q 3d 2d 1d 0d 0e
Q 13 12 11 10 00
Q 14 13 12 11 01
Q 15 14 13 12 02
Q 16 15 14 13 03
Q 17 16 15 14 04
Q 18 17 16 15 05
Q 19 18 17 16 06
Q 1a 19 18 17 07
Q 1b 1a 19 18 08
Q 1c 1b 1a 19 09
Q 1d 1c 1b 1a 0a
Q 1e 1d 1c 1b 0b
Q 23 22 21 20 10
Q 24 23 22 21 11
Q 25 24 23 22 12
Q 26 25 24 23 13
Q 27 26 25 24 14
Q 28 27 26 25 15
Q 29 28 27 26 16
Q 2a 29 28 27 17
Q 2b 2a 29 28 18
Q 2c 2b 2a 29 19
Q 2d 2c 2b 2a 1a
Q 2e 2d 2c 2b 1b
Q 33 32 31 30 20
Q 34 33 32 31 21
Q 35 34 33 32 22
Q 36 35 34 33 23
Q 37 36 35 34 24
Q 38 37 36 35 25
Q 39 38 37 36 26
Q 3a 39 38 37 27
Q 3b 3a 39 38 28
Q 3c 3b 3a 39 29
Q 3d 3c 3b 3a 2a
Q 3e 3d 3c 3b 2b
Q 01 11 21 31 30
Q 02 12 22 32 31
Q 03 13 23 33 32
Q 04 14 24 34 33
Q 05 15 25 35 34
Q 06 16 26 36 35
Q 07 17 27 37 36
Q 08 18 28 38 37
Q 09 19 29 39 38
Q 0a 1a 2a 3a 39
Q 0b 1b 2b 3b 3a
Q 0c 1c 2c 3c 3b
Q 0d 1d 2d 3d 3c
Q 0e 1e 2e 3e 3d
Q 00 10 20 30 31
Q 01 11 21 31 32
Q 02 12 22 32 33
Q 03 13 23 33 34
Q 04 14 24 34 35
Q 05 15 25 35 36
Q 06 16 26 36 37
Q 07 17 27 37 38
Q 08 18 28 38 39
Q 09 19 29 39 3a
Q 0a 1a 2a 3a 3b
Q 0b 1b 2b 3b 3c
Q 0c 1c 2c 3c 3d
Q 0d 1d 2d 3d 3e
Q 10 11 12 13 03
Q 11 12 13 14 04
Q 12 13 14 15 05
Q 13 14 15 16 06
Q 14 15 16 17 07
Q 15 16 17 18 08
Q 16 17 18 19 09
Q 17 18 19 1a 0a
Q 18 19 1a 1b 0b
Q 19 1a 1b 1c 0c
Q 1a 1b 1c 1d 0d
Q 1b 1c 1d 1e 0e
Q 20 21 22 23 13
Q 21 22 23 24 14
Q 22 23 24 25 15
Q 23 24 25 26 16
Q 24 25 26 27 17
Q 25 26 27 28 18
Q 26 27 28 29 19
Q 27 28 29 2a 1a
Q 28 29 2a 2b 1b
Q 29 2a 2b 2c 1c
Q 2a 2b 2c 2d 1d
Q 2b 2c 2d 2e 1e
Q 30 31 32 33 23
Q 31 32 33 34 24
Q 32 33 34 35 25
Q 33 34 35 36 26
Q 34 35 36 37 27
Q 35 36 37 38 28
Q 36 37 38 39 29
Q 37 38 39 3a 2a
Q 38 39 3a 3b 2b
Q 39 3a 3b 3c 2c
Q 3a 3b 3c 3d 2d
Q 3b 3c 3d 3e 2e
Q 31 21 11 01 00
Q 32 22 12 02 01
Q 33 23 13 03 02
Q 34 24 14 04 03
Q 35 25 15 05 04
Q 36 26 16 06 05
Q 37 27 17 07 06
Q 38 28 18 08 07
Q 39 29 19 09 08
Q 3a 2a 1a 0a 09
Q 3b 2b 1b 0b 0a
Q 3c 2c 1c 0c 0b
Q 3d 2d 1d 0d 0c
Q 3e 2e 1e 0e 0d
Q 03 02 01 00 10
Q 04 03 02 01 11
Q 05 04 03 02 12
Q 06 05 04 03 13
Q 07 06 05 04 14
Q 08 07 06 05 15
Q 09 08 07 06 16
Q 0a 09 08 07 17
Q 0b 0a 09 08 18
Q 0c 0b 0a 09 19
Q 0d 0c 0b 0a 1a
Q 0e 0d 0c 0b 1b
Q 13 12 11 10 20
Q 14 13 12 11 21
Q 15 14 13 12 22
Q 16 15 14 13 23
Q 17 16 15 14 24
Q 18 17 16 15 25
Q 19 18 17 16 26
Q 1a 19 18 17 27
Q 1b 1a 19 18 28
Q 1c 1b 1a 19 29
Q 1d 1c 1b 1a 2a
Q 1e 1d 1c 1b 2b
Q 23 22 21 20 30
Q 24 23 22 21 31
Q 25 24 23 22 32
Q 26 25 24 23 33
Q 27 26 25 24 34
Q 28 27 26 25 35
Q 29 28 27 26 36
Q 2a 29 28 27 37
Q 2b 2a 29 28 38
Q 2c 2b 2a 29 39
Q 2d 2c 2b 2a 3a
Q 2e 2d 2c 2b 3b
R 01 02 10 11 21
R 02 03 11 12 22
R 03 04 12 13 23
R 04 05 13 14 24
R 05 06 14 15 25
R 06 07 15 16 26
R 07 08 16 17 27
R 08 09 17 18 28
R 09 0a 18 19 29
R 0a 0b 19 1a 2a
R 0b 0c 1a 1b 2b
R 0c 0d 1b 1c 2c
R 0d 0e 1c 1d 2d
R 11 12 20 21 31
R 12 13 21 22 32
R 13 14 22 23 33
R 14 15 23 24 34
R 15 16 24 25 35
R 16 17 25 26 36
R 17 18 26 27 37
R 18 19 27 28 38
R 19 1a 28 29 39
R 1a 1b 29 2a 3a
R 1b 1c 2a 2b 3b
R 1c 1d 2b 2c 3c
R 1d 1e 2c 2d 3d
R 10 00 21 11 12
R 11 01 22 12 13
R 12 02 23 13 14
R 13 03 24 14 15
R 14 04 25 15 16
R 15 05 26 16 17
R 16 06 27 17 18
R 17 07 28 18 19
R 18 08 29 19 1a
R 19 09 2a 1a 1b
R 1a 0a 2b 1b 1c
R 1b 0b 2c 1c 1d
R 1c 0c 2d 1d 1e
R 20 10 31 21 22
R 21 11 32 22 23
R 22 12 33 23 24
R 23 13 34 24 25
R 24 14 35 25 26
R 25 15 36 26 27
R 26 16 37 27 28
R 27 17 38 28 29
R 28 18 39 29 2a
R 29 19 3a 2a 2b
R 2a 1a 3b 2b 2c
R 2b 1b 3c 2c 2d
R 2c 1c 3d 2d 2e
R 21 20 12 11 01
R 22 21 13 12 02
R 23 22 14 13 03
R 24 23 15 14 04
R 25 24 16 15 05
R 26 25 17 16 06
R 27 26 18 17 07
R 28 27 19 18 08
R 29 28 1a 19 09
R 2a 29 1b 1a 0a
R 2b 2a 1c 1b 0b
R 2c 2b 1d 1c 0c
R 2d 2c 1e 1d 0d
R 31 30 22 21 11
R 32 31 23 22 12
R 33 32 24 23 13
R 34 33 25 24 14
R 35 34 26 25 15
R 36 35 27 26 16
R 37 36 28 27 17
R 38 37 29 28 18
R 39 38 2a 29 19
R 3a 39 2b 2a 1a
R 3b 3a 2c 2b 1b
R 3c 3b 2d 2c 1c
R 3d 3c 2e 2d 1d
R 12 22 01 11 10
R 13 23 02 12 11
R 14 24 03 13 12
R 15 25 04 14 13
R 16 26 05 15 14
R 17 27 06 16 15
R 18 28 07 17 16
R 19 29 08 18 17
R 1a 2a 09 19 18
R 1b 2b 0a 1a 19
R 1c 2c 0b 1b 1a
R 1d 2d 0c 1c 1b
R 1e 2e 0d 1d 1c
R 22 32 11 21 20
R 23 33 12 22 21
R 24 34 13 23 22
R 25 35 14 24 23
R 26 36 15 25 24
R 27 37 16 26 25
R 28 38 17 27 26
R 29 39 18 28 27
R 2a 3a 19 29 28
R 2b 3b 1a 2a 29
R 2c 3c 1b 2b 2a
R 2d 3d 1c 2c 2b
R 2e 3e 1d 2d 2c
R 10 20 01 11 12
R 11 21 02 12 13
R 12 22 03 13 14
R 13 23 04 14 15
R 14 24 05 15 16
R 15 25 06 16 17
R 16 26 07 17 18
R 17 27 08 18 19
R 18 28 09 19 1a
R 19 29 0a 1a 1b
R 1a 2a 0b 1b 1c
R 1b 2b 0c 1c 1d
R 1c 2c 0d 1d 1e
R 20 30 11 21 22
R 21 31 12 22 23
R 22 32 13 23 24
R 23 33 14 24 25
R 24 34 15 25 26
R 25 35 16 26 27
R 26 36 17 27 28
R 27 37 18 28 29
R 28 38 19 29 2a
R 29 39 1a 2a 2b
R 2a 3a 1b 2b 2c
R 2b 3b 1c 2c 2d
R 2c 3c 1d 2d 2e
R 21 22 10 11 01
R 22 23 11 12 02
R 23 24 12 13 03
R 24 25 13 14 04
R 25 26 14 15 05
R 26 27 15 16 06
R 27 28 16 17 07
R 28 29 17 18 08
R 29 2a 18 19 09
R 2a 2b 19 1a 0a
R 2b 2c 1a 1b 0b
R 2c 2d 1b 1c 0c
R 2d 2e 1c 1d 0d
R 31 32 20 21 11
R 32 33 21 22 12
R 33 34 22 23 13
R 34 35 23 24 14
R 35 36 24 25 15
R 36 37 25 26 16
R 37 38 26 27 17
R 38 39 27 28 18
R 39 3a 28 29 19
R 3a 3b 29 2a 1a
R 3b 3c 2a 2b 1b
R 3c 3d 2b 2c 1c
R 3d 3e 2c 2d 1d
R 12 02 21 11 10
R 13 03 22 12 11
R 14 04 23 13 12
R 15 05 24 14 13
R 16 06 25 15 14
R 17 07 26 16 15
R 18 08 27 17 16
R 19 09 28 18 17
R 1a 0a 29 19 18
R 1b 0b 2a 1a 19
R 1c 0c 2b 1b 1a
R 1d 0d 2c 1c 1b
R 1e 0e 2d 1d 1c
R 22 12 31 21 20
R 23 13 32 22 21
R 24 14 33 23 22
R 25 15 34 24 23
R 26 16 35 25 24
R 27 17 36 26 25
R 28 18 37 27 26
R 29 19 38 28 27
R 2a 1a 39 29 28
R 2b 1b 3a 2a 29
R 2c 1c 3b 2b 2a
R 2d 1d 3c 2c 2b
R 2e 1e 3d 2d 2c
R 01 00 12 11 21
R 02 01 13 12 22
R 03 02 14 13 23
R 04 03 15 14 24
R 05 04 16 15 25
R 06 05 17 16 26
R 07 06 18 17 27
R 08 07 19 18 28
R 09 08 1a 19 29
R 0a 09 1b 1a 2a
R 0b 0a 1c 1b 2b
R 0c 0b 1d 1c 2c
R 0d 0c 1e 1d 2d
R 11 10 22 21 31
R 12 11 23 22 32
R 13 12 24 23 33
R 14 13 25 24 34
R 15 14 26 25 35
R 16 15 27 26 36
R 17 16 28 27 37
R 18 17 29 28 38
R 19 18 2a 29 39
R 1a 19 2b 2a 3a
R 1b 1a 2c 2b 3b
R 1c 1b 2d 2c 3c
R 1d 1c 2e 2d 3d
S 02 03 10 11 12
S 03 04 11 12 13
S 04 05 12 13 14
S 05 06 13 14 15
S 06 07 14 15 16
S 07 08 15 16 17
S 08 09 16 17 18
S 09 0a 17 18 19
S 0a 0b 18 19 1a
S 0b 0c 19 1a 1b
S 0c 0d 1a 1b 1c
S 0d 0e 1b 1c 1d
S 12 13 20 21 22
S 13 14 21 22 23
S 14 15 22 23 24
S 15 16 23 24 25
S 16 17 24 25 26
S 17 18 25 26 27
S 18 19 26 27 28
S 19 1a 27 28 29
S 1a 1b 28 29 2a
S 1b 1c 29 2a 2b
S 1c 1d 2a 2b 2c
S 1d 1e 2b 2c 2d
S 22 23 30 31 32
S 23 24 31 32 33
S 24 25 32 33 34
S 25 26 33 34 35
S 26 27 34 35 36
S 27 28 35 36 37
S 28 29 36 37 38
S 29 2a 37 38 39
S 2a 2b 38 39 3a
S 2b 2c 39 3a 3b
S 2c 2d 3a 3b 3c
S 2d 2e 3b 3c 3d
S 10 00 31 21 11
S 11 01 32 22 12
S 12 02 33 23 13
S 13 03 34 24 14
S 14 04 35 25 15
S 15 05 36 26 16
S 16 06 37 27 17
S 17 07 38 28 18
S 18 08 39 29 19
S 19 09 3a 2a 1a
S 1a 0a 3b 2b 1b
S 1b 0b 3c 2c 1c
S 1c 0c 3d 2d 1d
S 1d 0d 3e 2e 1e
S 11 10 03 02 01
S 12 11 04 03 02
S 13 12 05 04 03
S 14 13 06 05 04
S 15 14 07 06 05
S 16 15 08 07 06
S 17 16 09 08 07
S 18 17 0a 09 08
S 19 18 0b 0a 09
S 1a 19 0c 0b 0a
S 1b 1a 0d 0c 0b
S 1c 1b 0e 0d 0c
S 21 20 13 12 11
S 22 21 14 13 12
S 23 22 15 14 13
S 24 23 16 15 14
S 25 24 17 16 15
S 26 25 18 17 16
S 27 26 19 18 17
S 28 27 1a 19 18
S 29 28 1b 1a 19
S 2a 29 1c 1b 1a
S 2b 2a 1d 1c 1b
S 2c 2b 1e 1d 1c
S 31 30 23 22 21
S 32 31 24 23 22
S 33 32 25 24 23
S 34 33 26 25 24
S 35 34 27 26 25
S 36 35 28 27 26
S 37 36 29 28 27
S 38 37 2a 29 28
S 39 38 2b 2a 29
S 3a 39 2c 2b 2a
S 3b 3a 2d 2c 2b
S 3c 3b 2e 2d 2c
S 21 31 00 10 20
S 22 32 01 11 21
S 23 33 02 12 22
S 24 34 03 13 23
S 25 35 04 14 24
S 26 36 05 15 25
S 27 37 06 16 26
S 28 38 07 17 27
S 29 39 08 18 28
S 2a 3a 09 19 29
S 2b 3b 0a 1a 2a
S 2c 3c 0b 1b 2b
S 2d 3d 0c 1c 2c
S 2e 3e 0d 1d 2d
S 20 30 01 11 21
S 21 31 02 12 22
S 22 32 03 13 23
S 23 33 04 14 24
S 24 34 05 15 25
S 25 35 06 16 26
S 26 36 07 17 27
S 27 37 08 18 28
S 28 38 09 19 29
S 29 39 0a 1a 2a
S 2a 3a 0b 1b 2b
S 2b 3b 0c 1c 2c
S 2c 3c 0d 1d 2d
S 2d 3d 0e 1e 2e
S 12 13 00 01 02
S 13 14 01 02 03
S 14 15 02 03 04
S 15 16 03 04 05
S 16 17 04 05 06
S 17 18 05 06 07
S 18 19 06 07 08
S 19 1a 07 08 09
S 1a 1b 08 09 0a
S 1b 1c 09 0a 0b
S 1c 1d 0a 0b 0c
S 1d 1e 0b 0c 0d
S 22 23 10 11 12
S 23 24 11 12 13
S 24 25 12 13 14
S 25 26 13 14 15
S 26 27 14 15 16
S 27 28 15 16 17
S 28 29 16 17 18
S 29 2a 17 18 19
S 2a 2b 18 19 1a
S 2b 2c 19 1a 1b
S 2c 2d 1a 1b 1c
S 2d 2e 1b 1c 1d
S 32 33 20 21 22
S 33 34 21 22 23
S 34 35 22 23 24
S 35 36 23 24 25
S 36 37 24 25 26
S 37 38 25 26 27
S 38 39 26 27 28
S 39 3a 27 28 29
S 3a 3b 28 29 2a
S 3b 3c 29 2a 2b
S 3c 3d 2a 2b 2c
S 3d 3e 2b 2c 2d
S 11 01 30 20 10
S 12 02 31 21 11
S 13 03 32 22 12
S 14 04 33 23 13
S 15 05 34 24 14
S 16 06 35 25 15
S 17 07 36 26 16
S 18 08 37 27 17
S 19 09 38 28 18
S 1a 0a 39 29 19
S 1b 0b 3a 2a 1a
S 1c 0c 3b 2b 1b
S 1d 0d 3c 2c 1c
S 1e 0e 3d 2d 1d
S 01 00 13 12 11
S 02 01 14 13 12
S 03 02 15 14 13
S 04 03 16 15 14
S 05 04 17 16 15
S 06 05 18 17 16
S 07 06 19 18 17
S 08 07 1a 19 18
S 09 08 1b 1a 19
S 0a 09 1c 1b 1a
S 0b 0a 1d 1c 1b
S 0c 0b 1e 1d 1c
S 11 10 23 22 21
S 12 11 24 23 22
S 13 12 25 24 23
S 14 13 26 25 24
S 15 14 27 26 25
S 16 15 28 27 26
S 17 16 29 28 27
S 18 17 2a 29 28
S 19 18 2b 2a 29
S 1a 19 2c 2b 2a
S 1b 1a 2d 2c 2b
S 1c 1b 2e 2d 2c
S 21 20 33 32 31
S 22 21 34 33 32
S 23 22 35 34 33
S 24 23 36 35 34
S 25 24 37 36 35
S 26 25 38 37 36
S 27 26 39 38 37
S 28 27 3a 39 38
S 29 28 3b 3a 39
S 2a 29 3c 3b 3a
S 2b 2a 3d 3c 3b
S 2c 2b 3e 3d 3c
T 00 01 02 11 21
T 01 02 03 12 22
T 02 03 04 13 23
T 03 04 05 14 24
T 04 05 06 15 25
T 05 06 07 16 26
T 06 07 08 17 27
T 07 08 09 18 28
T 08 09 0a 19 29
T 09 0a 0b 1a 2a
T 0a 0b 0c 1b 2b
T 0b 0c 0d 1c 2c
T 0c 0d 0e 1d 2d
T 10 11 12 21 31
T 11 12 13 22 32
T 12 13 14 23 33
T 13 14 15 24 34
T 14 15 16 25 35
T 15 16 17 26 36
T 16 17 18 27 37
T 17 18 19 28 38
T 18 19 1a 29 39
T 19 1a 1b 2a 3a
T 1a 1b 1c 2b 3b
T 1b 1c 1d 2c 3c
T 1c 1d 1e 2d 3d
T 20 10 00 11 12
T 21 11 01 12 13
T 22 12 02 13 14
T 23 13 03 14 15
T 24 14 04 15 16
T 25 15 05 16 17
T 26 16 06 17 18
T 27 17 07 18 19
T 28 18 08 19 1a
T 29 19 09 1a 1b
T 2a 1a 0a 1b 1c
T 2b 1b 0b 1c 1d
T 2c 1c 0c 1d 1e
T 30 20 10 21 22
T 31 21 11 22 23
T 32 22 12 23 24
T 33 23 13 24 25
T 34 24 14 25 26
T 35 25 15 26 27
T 36 26 16 27 28
T 37 27 17 28 29
T 38 28 18 29 2a
T 39 29 19 2a 2b
T 3a 2a 1a 2b 2c
T 3b 2b 1b 2c 2d
T 3c 2c 1c 2d 2e
T 22 21 20 11 01
T 23 22 21 12 02
T 24 23 22 13 03
T 25 24 23 14 04
T 26 25 24 15 05
T 27 26 25 16 06
T 28 27 26 17 07
T 29 28 27 18 08
T 2a 29 28 19 09
T 2b 2a 29 1a 0a
T 2c 2b 2a 1b 0b
T 2d 2c 2b 1c 0c
T 2e 2d 2c 1d 0d
T 32 31 30 21 11
T 33 32 31 22 12
T 34 33 32 23 13
T 35 34 33 24 14
T 36 35 34 25 15
T 37 36 35 26 16
T 38 37 36 27 17
T 39 38 37 28 18
T 3a 39 38 29 19
T 3b 3a 39 2a 1a
T 3c 3b 3a 2b 1b
T 3d 3c 3b 2c 1c
T 3e 3d 3c 2d 1d
T 02 12 22 11 10
T 03 13 23 12 11
T 04 14 24 13 12
T 05 15 25 14 13
T 06 16 26 15 14
T 07 17 27 16 15
T 08 18 28 17 16
T 09 19 29 18 17
T 0a 1a 2a 19 18
T 0b 1b 2b 1a 19
T 0c 1c 2c 1b 1a
T 0d 1d 2d 1c 1b
T 0e 1e 2e 1d 1c
T 12 22 32 21 20
T 13 23 33 22 21
T 14 24 34 23 22
T 15 25 35 24 23
T 16 26 36 25 24
T 17 27 37 26 25
T 18 28 38 27 26
T 19 29 39 28 27
T 1a 2a 3a 29 28
T 1b 2b 3b 2a 29
T 1c 2c 3c 2b 2a
T 1d 2d 3d 2c 2b
T 1e 2e 3e 2d 2c
U 00 02 10 11 12
U 01 03 11 12 13
U 02 04 12 13 14
U 03 05 13 14 15
U 04 06 14 15 16
U 05 07 15 16 17
U 06 08 16 17 18
U 07 09 17 18 19
U 08 0a 18 19 1a
U 09 0b 19 1a 1b
U 0a 0c 1a 1b 1c
U 0b 0d 1b 1c 1d
U 0c 0e 1c 1d 1e
U 10 12 20 21 22
U 11 13 21 22 23
U 12 14 22 23 24
U 13 15 23 24 25
U 14 16 24 25 26
U 15 17 25 26 27
U 16 18 26 27 28
U 17 19 27 28 29
U 18 1a 28 29 2a
U 19 1b 29 2a 2b
U 1a 1c 2a 2b 2c
U 1b 1d 2b 2c 2d
U 1c 1e 2c 2d 2e
U 20 22 30 31 32
U 21 23 31 32 33
U 22 24 32 33 34
U 23 25 33 34 35
U 24 26 34 35 36
U 25 27 35 36 37
U 26 28 36 37 38
U 27 29 37 38 39
U 28 2a 38 39 3a
U 29 2b 39 3a 3b
U 2a 2c 3a 3b 3c
U 2b 2d 3b 3c 3d
U 2c 2e 3c 3d 3e
U 20 00 21 11 01
U 21 01 22 12 02
U 22 02 23 13 03
U 23 03 24 14 04
U 24 04 25 15 05
U 25 05 26 16 06
U 26 06 27 17 07
U 27 07 28 18 08
U 28 08 29 19 09
U 29 09 2a 1a 0a
U 2a 0a 2b 1b 0b
U 2b 0b 2c 1c 0c
U 2c 0c 2d 1d 0d
U 2d 0d 2e 1e 0e
U 30 10 31 21 11
U 31 11 32 22 12
U 32 12 33 23 13
U 33 13 34 24 14
U 34 14 35 25 15
U 35 15 36 26 16
U 36 16 37 27 17
U 37 17 38 28 18
U 38 18 39 29 19
U 39 19 3a 2a 1a
U 3a 1a 3b 2b 1b
U 3b 1b 3c 2c 1c
U 3c 1c 3d 2d 1d
U 3d 1d 3e 2e 1e
U 12 10 02 01 00
U 13 11 03 02 01
U 14 12 04 03 02
U 15 13 05 04 03
U 16 14 06 05 04
U 17 15 07 06 05
U 18 16 08 07 06
U 19 17 09 08 07
U 1a 18 0a 09 08
U 1b 19 0b 0a 09
U 1c 1a 0c 0b 0a
U 1d 1b 0d 0c 0b
U 1e 1c 0e 0d 0c
U 22 20 12 11 10
U 23 21 13 12 11
U 24 22 14 13 12
U 25 23 15 14 13
U 26 24 16 15 14
U 27 25 17 16 15
U 28 26 18 17 16
U 29 27 19 18 17
U 2a 28 1a 19 18
U 2b 29 1b 1a 19
U 2c 2a 1c 1b 1a
U 2d 2b 1d 1c 1b
U 2e 2c 1e 1d 1c
U 32 30 22 21 20
U 33 31 23 22 21
U 34 32 24 23 22
U 35 33 25 24 23
U 36 34 26 25 24
U 37 35 27 26 25
U 38 36 28 27 26
U 39 37 29 28 27
U 3a 38 2a 29 28
U 3b 39 2b 2a 29
U 3c 3a 2c 2b 2a
U 3d 3b 2d 2c 2b
U 3e 3c 2e 2d 2c
U 01 21 00 10 20
U 02 22 01 11 21
U 03 23 02 12 22
U 04 24 03 13 23
U 05 25 04 14 24
U 06 26 05 15 25
U 07 27 06 16 26
U 08 28 07 17 27
U 09 29 08 18 28
U 0a 2a 09 19 29
U 0b 2b 0a 1a 2a
U 0c 2c 0b 1b 2b
U 0d 2d 0c 1c 2c
U 0e 2e 0d 1d 2d
U 11 31 10 20 30
U 12 32 11 21 31
U 13 33 12 22 32
U 14 34 13 23 33
U 15 35 14 24 34
U 16 36 15 25 35
U 17 37 16 26 36
U 18 38 17 27 37
U 19 39 18 28 38
U 1a 3a 19 29 39
U 1b 3b 1a 2a 3a
U 1c 3c 1b 2b 3b
U 1d 3d 1c 2c 3c
U 1e 3e 1d 2d 3d
V 00 01 02 10 20
V 01 02 03 11 21
V 02 03 04 12 22
V 03 04 05 13 23
V 04 05 06 14 24
V 05 06 07 15 25
V 06 07 08 16 26
V 07 08 09 17 27
V 08 09 0a 18 28
V 09 0a 0b 19 29
V 0a 0b 0c 1a 2a
V 0b 0c 0d 1b 2b
V 0c 0d 0e 1c 2c
V 10 11 12 20 30
V 11 12 13 21 31
V 12 13 14 22 32
V 13 14 15 23 33
V 14 15 16 24 34
V 15 16 17 25 35
V 16 17 18 26 36
V 17 18 19 27 37
V 18 19 1a 28 38
V 19 1a 1b 29 39
V 1a 1b 1c 2a 3a
V 1b 1c 1d 2b 3b
V 1c 1d 1e 2c 3c
W 00 10 11 21 22
W 01 11 12 22 23
W 02 12 13 23 24
W 03 13 14 24 25
W 04 14 15 25 26
W 05 15 16 26 27
W 06 16 17 27 28
W 07 17 18 28 29
W 08 18 19 29 2a
W 09 19 1a 2a 2b
W 0a 1a 1b 2b 2c
W 0b 1b 1c 2c 2d
W 0c 1c 1d 2d 2e
W 10 20 21 31 32
W 11 21 22 32 33
W 12 22 23 33 34
W 13 23 24 34 35
W 14 24 25 35 36
W 15 25 26 36 37
W 16 26 27 37 38
W 17 27 28 38 39
W 18 28 29 39 3a
W 19 29 2a 3a 3b
W 1a 2a 2b 3b 3c
W 1b 2b 2c 3c 3d
W 1c 2c 2d 3d 3e
W 20 21 11 12 02
W 21 22 12 13 03
W 22 23 13 14 04
W 23 24 14 15 05
W 24 25 15 16 06
W 25 26 16 17 07
W 26 27 17 18 08
W 27 28 18 19 09
W 28 29 19 1a 0a
W 29 2a 1a 1b 0b
W 2a 2b 1b 1c 0c
W 2b 2c 1c 1d 0d
W 2c 2d 1d 1e 0e
W 30 31 21 22 12
W 31 32 22 23 13
W 32 33 23 24 14
W 33 34 24 25 15
W 34 35 25 26 16
W 35 36 26 27 17
W 36 37 27 28 18
W 37 38 28 29 19
W 38 39 29 2a 1a
W 39 3a 2a 2b 1b
W 3a 3b 2b 2c 1c
W 3b 3c 2c 2d 1d
W 3c 3d 2d 2e 1e
W 22 12 11 01 00
W 23 13 12 02 01
W 24 14 13 03 02
W 25 15 14 04 03
W 26 16 15 05 04
W 27 17 16 06 05
W 28 18 17 07 06
W 29 19 18 08 07
W 2a 1a 19 09 08
W 2b 1b 1a 0a 09
W 2c 1c 1b 0b 0a
W 2d 1d 1c 0c 0b
W 2e 1e 1d 0d 0c
W 32 22 21 11 10
W 33 23 22 12 11
W 34 24 23 13 12
W 35 25 24 14 13
W 36 26 25 15 14
W 37 27 26 16 15
W 38 28 27 17 16
W 39 29 28 18 17
W 3a 2a 29 19 18
W 3b 2b 2a 1a 19
W 3c 2c 2b 1b 1a
W 3d 2d 2c 1c 1b
W 3e 2e 2d 1d 1c
W 02 01 11 10 20
W 03 02 12 11 21
W 04 03 13 12 22
W 05 04 14 13 23
W 06 05 15 14 24
W 07 06 16 15 25
W 08 07 17 16 26
W 09 08 18 17 27
W 0a 09 19 18 28
W 0b 0a 1a 19 29
W 0c 0b 1b 1a 2a
W 0d 0c 1c 1b 2b
W 0e 0d 1d 1c 2c
W 12 11 21 20 30
W 13 12 22 21 31
W 14 13 23 22 32
W 15 14 24 23 33
W 16 15 25 24 34
W 17 16 26 25 35
W 18 17 27 26 36
W 19 18 28 27 37
W 1a 19 29 28 38
W 1b 1a 2a 29 39
W 1c 1b 2b 2a 3a
W 1d 1c 2c 2b 3b
W 1e 1d 2d 2c 3c
X 01 10 11 12 21
X 02 11 12 13 22
X 03 12 13 14 23
X 04 13 14 15 24
X 05 14 15 16 25
X 06 15 16 17 26
X 07 16 17 18 27
X 08 17 18 19 28
X 09 18 19 1a 29
X 0a 19 1a 1b 2a
X 0b 1a 1b 1c 2b
X 0c 1b 1c 1d 2c
X 0d 1c 1d 1e 2d
X 11 20 21 22 31
X 12 21 22 23 32
X 13 22 23 24 33
X 14 23 24 25 34
X 15 24 25 26 35
X 16 25 26 27 36
X 17 26 27 28 37
X 18 27 28 29 38
X 19 28 29 2a 39
X 1a 29 2a 2b 3a
X 1b 2a 2b 2c 3b
X 1c 2b 2c 2d 3c
X 1d 2c 2d 2e 3d
Y 02 10 11 12 13
Y 03 11 12 13 14
Y 04 12 13 14 15
Y 05 13 14 15 16
Y 06 14 15 16 17
Y 07 15 16 17 18
Y 08 16 17 18 19
Y 09 17 18 19 1a
Y 0a 18 19 1a 1b
Y 0b 19 1a 1b 1c
Y 0c 1a 1b 1c 1d
Y 0d 1b 1c 1d 1e
Y 12 20 21 22 23
Y 13 21 22 23 24
Y 14 22 23 24 25
Y 15 23 24 25 26
Y 16 24 25 26 27
Y 17 25 26 27 28
Y 18 26 27 28 29
Y 19 27 28 29 2a
Y 1a 28 29 2a 2b
Y 1b 29 2a 2b 2c
Y 1c 2a 2b 2c 2d
Y 1d 2b 2c 2d 2e
Y 22 30 31 32 33
Y 23 31 32 33 34
Y 24 32 33 34 35
Y 25 33 34 35 36
Y 26 34 35 36 37
Y 27 35 36 37 38
Y 28 36 37 38 39
Y 29 37 38 39 3a
Y 2a 38 39 3a 3b
Y 2b 39 3a 3b 3c
Y 2c 3a 3b 3c 3d
Y 2d 3b 3c 3d 3e
Y 10 31 21 11 01
Y 11 32 22 12 02
Y 12 33 23 13 03
Y 13 34 24 14 04
Y 14 35 25 15 05
Y 15 36 26 16 06
Y 16 37 27 17 07
Y 17 38 28 18 08
Y 18 39 29 19 09
Y 19 3a 2a 1a 0a
Y 1a 3b 2b 1b 0b
Y 1b 3c 2c 1c 0c
Y 1c 3d 2d 1d 0d
Y 1d 3e 2e 1e 0e
Y 11 03 02 01 00
Y 12 04 03 02 01
Y 13 05 04 03 02
Y 14 06 05 04 03
Y 15 07 06 05 04
Y 16 08 07 06 05
Y 17 09 08 07 06
Y 18 0a 09 08 07
Y 19 0b 0a 09 08
Y 1a 0c 0b 0a 09
Y 1b 0d 0c 0b 0a
Y 1c 0e 0d 0c 0b
Y 21 13 12 11 10
Y 22 14 13 12 11
Y 23 15 14 13 12
Y 24 16 15 14 13
Y 25 17 16 15 14
Y 26 18 17 16 15
Y 27 19 18 17 16
Y 28 1a 19 18 17
Y 29 1b 1a 19 18
Y 2a 1c 1b 1a 19
Y 2b 1d 1c 1b 1a
Y 2c 1e 1d 1c 1b
Y 31 23 22 21 20
Y 32 24 23 22 21
Y 33 25 24 23 22
Y 34 26 25 24 23
Y 35 27 26 25 24
Y 36 28 27 26 25
Y 37 29 28 27 26
Y 38 2a 29 28 27
Y 39 2b 2a 29 28
Y 3a 2c 2b 2a 29
Y 3b 2d 2c 2b 2a
Y 3c 2e 2d 2c 2b
Y 21 00 10 20 30
Y 22 01 11 21 31
Y 23 02 12 22 32
Y 24 03 13 23 33
Y 25 04 14 24 34
Y 26 05 15 25 35
Y 27 06 16 26 36
Y 28 07 17 27 37
Y 29 08 18 28 38
Y 2a 09 19 29 39
Y 2b 0a 1a 2a 3a
Y 2c 0b 1b 2b 3b
Y 2d 0c 1c 2c 3c
Y 2e 0d 1d 2d 3d
Y 20 01 11 21 31
Y 21 02 12 22 32
Y 22 03 13 23 33
Y 23 04 14 24 34
Y 24 05 15 25 35
Y 25 06 16 26 36
Y 26 07 17 27 37
Y 27 08 18 28 38
Y 28 09 19 29 39
Y 29 0a 1a 2a 3a
Y 2a 0b 1b 2b 3b
Y 2b 0c 1c 2c 3c
Y 2c 0d 1d 2d 3d
Y 2d 0e 1e 2e 3e
Y 12 00 01 02 03
Y 13 01 02 03 04
Y 14 02 03 04 05
Y 15 03 04 05 06
Y 16 04 05 06 07
Y 17 05 06 07 08
Y 18 06 07 08 09
Y 19 07 08 09 0a
Y 1a 08 09 0a 0b
Y 1b 09 0a 0b 0c
Y 1c 0a 0b 0c 0d
Y 1d 0b 0c 0d 0e
Y 22 10 11 12 13
Y 23 11 12 13 14
Y 24 12 13 14 15
Y 25 13 14 15 16
Y 26 14 15 16 17
Y 27 15 16 17 18
Y 28 16 17 18 19
Y 29 17 18 19 1a
Y 2a 18 19 1a 1b
Y 2b 19 1a 1b 1c
Y 2c 1a 1b 1c 1d
Y 2d 1b 1c 1d 1e
Y 32 20 21 22 23
Y 33 21 22 23 24
Y 34 22 23 24 25
Y 35 23 24 25 26
Y 36 24 25 26 27
Y 37 25 26 27 28
Y 38 26 27 28 29
Y 39 27 28 29 2a
Y 3a 28 29 2a 2b
Y 3b 29 2a 2b 2c
Y 3c 2a 2b 2c 2d
Y 3d 2b 2c 2d 2e
Y 11 30 20 10 00
Y 12 31 21 11 01
Y 13 32 22 12 02
Y 14 33 23 13 03
Y 15 34 24 14 04
Y 16 35 25 15 05
Y 17 36 26 16 06
Y 18 37 27 17 07
Y 19 38 28 18 08
Y 1a 39 29 19 09
Y 1b 3a 2a 1a 0a
Y 1c 3b 2b 1b 0b
Y 1d 3c 2c 1c 0c
Y 1e 3d 2d 1d 0d
Y 01 13 12 11 10
Y 02 14 13 12 11
Y 03 15 14 13 12
Y 04 16 15 14 13
Y 05 17 16 15 14
Y 06 18 17 16 15
Y 07 19 18 17 16
Y 08 1a 19 18 17
Y 09 1b 1a 19 18
Y 0a 1c 1b 1a 19
Y 0b 1d 1c 1b 1a
Y 0c 1e 1d 1c 1b
Y 11 23 22 21 20
Y 12 24 23 22 21
Y 13 25 24 23 22
Y 14 26 25 24 23
Y 15 27 26 25 24
Y 16 28 27 26 25
Y 17 29 28 27 26
Y 18 2a 29 28 27
Y 19 2b 2a 29 28
Y 1a 2c 2b 2a 29
Y 1b 2d 2c 2b 2a
Y 1c 2e 2d 2c 2b
Y 21 33 32 31 30
Y 22 34 33 32 31
Y 23 35 34 33 32
Y 24 36 35 34 33
Y 25 37 36 35 34
Y 26 38 37 36 35
Y 27 39 38 37 36
Y 28 3a 39 38 37
Y 29 3b 3a 39 38
Y 2a 3c 3b 3a 39
Y 2b 3d 3c 3b 3a
Y 2c 3e 3d 3c 3b
Z 00 01 11 21 22
Z 01 02 12 22 23
Z 02 03 13 23 24
Z 03 04 14 24 25
Z 04 05 15 25 26
Z 05 06 16 26 27
Z 06 07 17 27 28
Z 07 08 18 28 29
Z 08 09 19 29 2a
Z 09 0a 1a 2a 2b
Z 0a 0b 1b 2b 2c
Z 0b 0c 1c 2c 2d
Z 0c 0d 1d 2d 2e
Z 10 11 21 31 32
Z 11 12 22 32 33
Z 12 13 23 33 34
Z 13 14 24 34 35
Z 14 15 25 35 36
Z 15 16 26 36 37
Z 16 17 27 37 38
Z 17 18 28 38 39
Z 18 19 29 39 3a
Z 19 1a 2a 3a 3b
Z 1a 1b 2b 3b 3c
Z 1b 1c 2c 3c 3d
Z 1c 1d 2d 3d 3e
Z 20 10 11 12 02
Z 21 11 12 13 03
Z 22 12 13 14 04
Z 23 13 14 15 05
Z 24 14 15 16 06
Z 25 15 16 17 07
Z 26 16 17 18 08
Z 27 17 18 19 09
Z 28 18 19 1a 0a
Z 29 19 1a 1b 0b
Z 2a 1a 1b 1c 0c
Z 2b 1b 1c 1d 0d
Z 2c 1c 1d 1e 0e
Z 30 20 21 22 12
Z 31 21 22 23 13
Z 32 22 23 24 14
Z 33 23 24 25 15
Z 34 24 25 26 16
Z 35 25 26 27 17
Z 36 26 27 28 18
Z 37 27 28 29 19
Z 38 28 29 2a 1a
Z 39 29 2a 2b 1b
Z 3a 2a 2b 2c 1c
Z 3b 2b 2c 2d 1d
Z 3c 2c 2d 2e 1e
Z 00 10 11 12 22
Z 01 11 12 13 23
Z 02 12 13 14 24
Z 03 13 14 15 25
Z 04 14 15 16 26
Z 05 15 16 17 27
Z 06 16 17 18 28
Z 07 17 18 19 29
Z 08 18 19 1a 2a
Z 09 19 1a 1b 2b
Z 0a 1a 1b 1c 2c
Z 0b 1b 1c 1d 2d
Z 0c 1c 1d 1e 2e
Z 10 20 21 22 32
Z 11 21 22 23 33
Z 12 22 23 24 34
Z 13 23 24 25 35
Z 14 24 25 26 36
Z 15 25 26 27 37
Z 16 26 27 28 38
Z 17 27 28 29 39
Z 18 28 29 2a 3a
Z 19 29 2a 2b 3b
Z 1a 2a 2b 2c 3c
Z 1b 2b 2c 2d 3d
Z 1c 2c 2d 2e 3e
Z 20 21 11 01 02
Z 21 22 12 02 03
Z 22 23 13 03 04
Z 23 24 14 04 05
Z 24 25 15 05 06
Z 25 26 16 06 07
Z 26 27 17 07 08
Z 27 28 18 08 09
Z 28 29 19 09 0a
Z 29 2a 1a 0a 0b
Z 2a 2b 1b 0b 0c
Z 2b 2c 1c 0c 0d
Z 2c 2d 1d 0d 0e
Z 30 31 21 11 12
Z 31 32 22 12 13
Z 32 33 23 13 14
Z 33 34 24 14 15
Z 34 35 25 15 16
Z 35 36 26 16 17
Z 36 37 27 17 18
Z 37 38 28 18 19
Z 38 39 29 19 1a
Z 39 3a 2a 1a 1b
Z 3a 3b 2b 1b 1c
Z 3b 3c 2c 1c 1d
Z 3c 3d 2d 1d 1e
